              precision    recall  f1-score   support

           0     1.0000    1.0000    1.0000        18
           1     0.7917    1.0000    0.8837        19
           2     1.0000    0.8889    0.9412        18
           3     1.0000    0.9444    0.9714        18
           4     1.0000    0.8889    0.9412        18
           5     0.9412    0.8889    0.9143        18
           6     1.0000    0.9444    0.9714        18
           7     1.0000    1.0000    1.0000        18
           8     0.7778    0.8235    0.8000        17
           9     0.9474    1.0000    0.9730        18

    accuracy                         0.9389       180
   macro avg     0.9458    0.9379    0.9396       180
weighted avg     0.9459    0.9389    0.9401       180
